Polygon 
1 # Number of Polygons
27 # Number of Vertices
15.191891 79.963443 
22.315959 72.746855 
30.550271 70.526366 
37.951899 63.772380 
45.353528 56.185711 
50.072066 54.520345 
54.328002 70.156285 
58.398898 67.843276 
74.312399 70.896448 
79.678580 64.882625 
83.194354 56.370752 
83.379394 52.484897 
79.401019 39.994649 
75.515164 33.425703 
74.219879 27.874482 
76.532888 19.085048 
66.078088 9.647972 
52.107514 9.925533 
40.172388 10.758216 
27.589619 10.850736 
15.747014 16.772039 
11.306036 25.006351 
10.103272 51.744734 
13.063923 64.882625 
12.786362 74.134660 
13.341484 79.685882 
15.191891 79.963443 
